0 BPSK 1/2 1 52 4 48 24 6 6
1 BPSK 3/4 1 52 4 48 36 9 9
2 QPSK 1/2 2 52 4 96 48 12 12
3 QPSK 3/4 2 52 4 96 72 18 18
4 16-QAM 1/2 4 52 4 192 96 24 24
5 16-QAM 3/4 4 52 4 192 144 36 36
6 64-QAM 2/3 6 52 4 288 192 48 48
7 64-QAM 3/4 6 52 4 288 216 54 54
0 BPSK 1/2 1 52 4 52 26 6.5 7.2
1 QPSK 1/2 2 52 4 104 52 13.0 14.4
2 QPSK 3/4 2 52 4 104 78 19.5 21.7
3 16-QAM 1/2 4 52 4 208 104 26.0 28.9
4 16-QAM 3/4 4 52 4 208 156 39.0 43.3
5 64-QAM 2/3 6 52 4 312 208 52.0 57.8
6 64-QAM 3/4 6 52 4 312 234 58.5 65.0
7 64-QAM 5/6 6 52 4 312 260 65.0 72.2
8 BPSK 1/2 1 52 4 104 52 13.0 14.4
9 QPSK 1/2 2 52 4 208 104 26.0 28.9
10 QPSK 3/4 2 52 4 208 156 39.0 43.3
11 16-QAM 1/2 4 52 4 416 208 52.0 57.8
12 16-QAM 3/4 4 52 4 416 312 78.0 86.7
13 64-QAM 2/3 6 52 4 624 416 104.0 115.6
14 64-QAM 3/4 6 52 4 624 468 117.0 130.0
15 64-QAM 5/6 6 52 4 624 520 130.0 144.4
16 BPSK 1/2 1 52 4 156 78 19.5 21.7
17 QPSK 1/2 2 52 4 312 156 39.0 43.3
18 QPSK 3/4 2 52 4 312 234 58.5 65.0
19 16-QAM 1/2 4 52 4 624 312 78.0 86.7
20 16-QAM 3/4 4 52 4 624 468 117.0 130.0
21 64-QAM 2/3 6 52 4 936 624 156.0 173.3
22 64-QAM 3/4 6 52 4 936 702 175.5 195.0
23 64-QAM 5/6 6 52 4 936 780 195.0 216.7
24 BPSK 1/2 1 52 4 208 104 26.0 28.9
25 QPSK 1/2 2 52 4 416 208 52.0 57.8
26 QPSK 3/4 2 52 4 416 312 78.0 86.7
27 16-QAM 1/2 4 52 4 832 416 104.0 115.6
28 16-QAM 3/4 4 52 4 832 624 156.0 173.3
29 64-QAM 2/3 6 52 4 1248 832 208.0 231.1
30 64-QAM 3/4 6 52 4 1248 936 234.0 260.0
31 64-QAM 5/6 6 52 4 1248 1040 260.0 288.9
0 BPSK 1/2 1 108 6 108 54 13.5 15.0
1 QPSK 1/2 2 108 6 216 108 27.0 30.0
2 QPSK 3/4 2 108 6 216 162 40.5 45.0
3 16-QAM 1/2 4 108 6 432 216 54.0 60.0
4 16-QAM 3/4 4 108 6 432 324 81.0 90.0
5 64-QAM 2/3 6 108 6 648 432 108.0 120.0
6 64-QAM 3/4 6 108 6 648 486 121.5 135.0
7 64-QAM 5/6 6 108 6 648 540 135.0 150.0
8 BPSK 1/2 1 108 6 216 108 27.0 30.0
9 QPSK 1/2 2 108 6 432 216 54.0 60.0
10 QPSK 3/4 2 108 6 432 324 81.0 90.0
11 16-QAM 1/2 4 108 6 864 432 108.0 120.0
12 16-QAM 3/4 4 108 6 864 648 162.0 180.0
13 64-QAM 2/3 6 108 6 1296 864 216.0 240.0
14 64-QAM 3/4 6 108 6 1296 972 243.0 270.0
15 64-QAM 5/6 6 108 6 1296 1080 270.0 300.0
16 BPSK 1/2 1 108 6 324 162 40.5 45.0
17 QPSK 1/2 2 108 6 648 324 81.0 90.0
18 QPSK 3/4 2 108 6 648 486 121.5 135.0
19 16-QAM 1/2 4 108 6 1296 648 162.0 180.0
20 16-QAM 3/4 4 108 6 1296 972 243.0 270.0
21 64-QAM 2/3 6 108 6 1944 1296 324.0 360.0
22 64-QAM 3/4 6 108 6 1944 1458 364.5 405.0
23 64-QAM 5/6 6 108 6 1944 1620 405.0 450.0
24 BPSK 1/2 1 108 6 432 216 54.0 60.0
25 QPSK 1/2 2 108 6 864 432 108.0 120.0
26 QPSK 3/4 2 108 6 864 648 162.0 180.0
27 16-QAM 1/2 4 108 6 1728 864 216.0 240.0
28 16-QAM 3/4 4 108 6 1728 1296 324.0 360.0
29 64-QAM 2/3 6 108 6 2592 1728 432.0 480.0
30 64-QAM 3/4 6 108 6 2592 1944 486.0 540.0
31 64-QAM 5/6 6 108 6 2592 2160 540.0 600.0