2082.5
1892.9
1098.5
1007.3
1134.5
1039.7
642.5
596.9
818.5
755.3
490.5
460.1
662.5
614.9
414.5
391.7
502.5
470.9
338.5
323.3
426.5
402.5
302.5
290.9
398.5
377.3
290.5
280.1
378.5
359.3
278.5
269.3
1134.5
1039.7
646.5
600.5
662.5
614.9
418.5
395.3
502.5
470.9
342.5
326.9
426.5
402.5
302.5
290.9
346.5
330.5
266.5
258.5
306.5
294.5
246.5
240.5
294.5
283.7
238.5
233.3
282.5
272.9
234.5
229.7
818.5
755.3
494.5
463.7
502.5
470.9
342.5
326.9
398.5
377.3
290.5
280.1
346.5
330.5
266.5
258.5
294.5
283.7
238.5
233.3
266.5
258.5
226.5
222.5
258.5
251.3
222.5
218.9
250.5
244.1
218.5
215.3
